cpop v/s heft : 8.58586 87.8788 3.53535
cpop v/s lstd : 5.55556 90.404 4.0404
cpop v/s ippts : 48.9899 51.0101 0
cpop v/s mpeft : 5.55556 94.4444 0
cpop v/s new : 5.55556 94.4444 0
cpop v/s peft : 5.55556 93.9394 0.505051
heft v/s lstd : 50 31.3131 18.6869
heft v/s ippts : 68.6869 31.3131 0
heft v/s mpeft : 52.5253 47.4747 0
heft v/s new : 51.5152 47.4747 1.0101
heft v/s peft : 52.5253 46.9697 0.505051
lstd v/s ippts : 68.1818 30.8081 1.0101
lstd v/s mpeft : 44.4444 55.0505 0.505051
lstd v/s new : 44.4444 54.5455 1.0101
lstd v/s peft : 45.9596 53.5354 0.505051
ippts v/s mpeft : 29.2929 70.7071 0
ippts v/s new : 29.2929 70.7071 0
ippts v/s peft : 25.2525 74.7475 0
mpeft v/s new : 19.697 11.6162 68.6869
mpeft v/s peft : 45.4545 52.0202 2.52525
new v/s peft : 43.9394 54.0404 2.0202
