cpop : 0.00378788
heft : 0.00378788
ippts : 0.00757576
lstd : 0.00378788
mpeft : 0.00473485
peft : 0.00473485
new : 0.00473485
