cpop : 0.00625
heft : 0.00625
ippts : 0.00625
lstd : 0.00625
mpeft : 0.00625
peft : 0.00625
new : 0.00625
