cpop : 0.0015625
heft : 0.0015625
ippts : 0.0015625
lstd : 0.0015625
mpeft : 0.0015625
peft : 0.0015625
new : 0.0015625
