cpop v/s heft : 6.66667 88.3333 5
cpop v/s lstd : 5 91.6667 3.33333
cpop v/s ippts : 21.6667 78.3333 0
cpop v/s mpeft : 1.66667 98.3333 0
cpop v/s new : 3.33333 96.6667 0
cpop v/s peft : 1.66667 98.3333 0
heft v/s lstd : 46.6667 43.3333 10
heft v/s ippts : 93.3333 6.66667 0
heft v/s mpeft : 55 45 0
heft v/s new : 51.6667 48.3333 0
heft v/s peft : 63.3333 36.6667 0
lstd v/s ippts : 93.3333 6.66667 0
lstd v/s mpeft : 55 45 0
lstd v/s new : 51.6667 48.3333 0
lstd v/s peft : 61.6667 38.3333 0
ippts v/s mpeft : 0 100 0
ippts v/s new : 1.66667 98.3333 0
ippts v/s peft : 0 100 0
mpeft v/s new : 28.3333 35 36.6667
mpeft v/s peft : 46.6667 48.3333 5
new v/s peft : 55 43.3333 1.66667
