cpop : 0.0151515
heft : 0.0151515
ippts : 0.0151515
lstd : 0.0151515
mpeft : 0.0151515
peft : 0.030303
new : 0.0151515
