cpop : 0.003125
heft : 0.003125
ippts : 0.003125
lstd : 0.003125
mpeft : 0.00625
peft : 0.00625
new : 0.00625
