cpop v/s heft : 4.54545 93.4343 2.0202
cpop v/s lstd : 0 100 0
cpop v/s ippts : 4.0404 93.9394 2.0202
cpop v/s mpeft : 2.52525 96.9697 0.505051
cpop v/s new : 2.52525 96.9697 0.505051
cpop v/s peft : 0.505051 99.4949 0
heft v/s lstd : 2.0202 97.9798 0
heft v/s ippts : 4.0404 92.9293 3.0303
heft v/s mpeft : 2.0202 97.9798 0
heft v/s new : 2.0202 97.9798 0
heft v/s peft : 2.0202 97.9798 0
lstd v/s ippts : 19.1919 80.303 0.505051
lstd v/s mpeft : 19.1919 80.8081 0
lstd v/s new : 19.1919 80.8081 0
lstd v/s peft : 16.1616 83.8384 0
ippts v/s mpeft : 4.0404 95.4545 0.505051
ippts v/s new : 4.0404 95.4545 0.505051
ippts v/s peft : 3.53535 96.4646 0
mpeft v/s new : 2.52525 91.4141 6.06061
mpeft v/s peft : 3.0303 95.9596 1.0101
new v/s peft : 2.52525 96.4646 1.0101
