cpop : 0.0555556
heft : 0.0555556
ippts : 0.111111
lstd : 0.111111
mpeft : 0.0555556
peft : 0.0555556
new : 0.0555556
cpop : 0.0555556
heft : 0.0555556
ippts : 0.111111
lstd : 0.111111
mpeft : 0.0555556
peft : 0.0555556
new : 0.0555556
