cpop : 0
heft : 0
ippts : 0.00390625
lstd : 0.00390625
mpeft : 0.00390625
peft : 0.00390625
new : 0.00390625
