cpop : 0.0555556
heft : 0.111111
ippts : 0.111111
lstd : 0.111111
mpeft : 0.111111
peft : 0.111111
new : 0.111111
