cpop : 0.00189394
heft : 0.00189394
ippts : 0.00142045
lstd : 0.00189394
mpeft : 0.00236742
peft : 0.00189394
new : 0.00236742
