cpop : 0.015625
heft : 0.015625
ippts : 0.03125
lstd : 0.015625
mpeft : 0.015625
peft : 0.015625
new : 0.015625
