cpop : 1.97299e+009
heft : 1.97299e+009
ippts : 17200.3
lstd : 2992
mpeft : 25538.8
peft : 5969
new : 25532.7
