cpop : 0.166667
heft : 0.166667
ippts : 0.0833333
lstd : 0.166667
mpeft : 0.166667
peft : 0.166667
new : 0.166667
