cpop : 0.0113636
heft : 0.0151515
ippts : 0.0113636
lstd : 0.0151515
mpeft : 0.0151515
peft : 0.0151515
new : 0.0151515
