cpop : 0.00757576
heft : 0.00757576
ippts : 0.00568182
lstd : 0.00568182
mpeft : 0.00568182
peft : 0.00757576
new : 0.00568182
