cpop v/s heft : 3.53535 94.4444 2.0202
cpop v/s lstd : 0 100 0
cpop v/s ippts : 3.0303 94.9495 2.0202
cpop v/s mpeft : 1.51515 97.9798 0.505051
cpop v/s new : 1.51515 97.9798 0.505051
cpop v/s peft : 0.505051 99.4949 0
heft v/s lstd : 2.0202 97.9798 0
heft v/s ippts : 4.54545 92.4242 3.0303
heft v/s mpeft : 2.52525 97.4747 0
heft v/s new : 2.52525 97.4747 0
heft v/s peft : 2.0202 97.9798 0
lstd v/s ippts : 21.2121 78.2828 0.505051
lstd v/s mpeft : 21.2121 78.7879 0
lstd v/s new : 21.2121 78.7879 0
lstd v/s peft : 17.6768 82.3232 0
ippts v/s mpeft : 2.0202 97.4747 0.505051
ippts v/s new : 2.0202 97.4747 0.505051
ippts v/s peft : 2.0202 97.9798 0
mpeft v/s new : 2.0202 91.9192 6.06061
mpeft v/s peft : 3.0303 95.9596 1.0101
new v/s peft : 2.52525 96.4646 1.0101
