cpop v/s heft : 14.5833 50 35.4167
cpop v/s lstd : 14.5833 52.0833 33.3333
cpop v/s ippts : 10.4167 89.5833 0
cpop v/s mpeft : 4.16667 95.8333 0
cpop v/s new : 2.08333 95.8333 2.08333
cpop v/s peft : 6.25 93.75 0
heft v/s lstd : 29.1667 25 45.8333
heft v/s ippts : 25 75 0
heft v/s mpeft : 33.3333 64.5833 2.08333
heft v/s new : 31.25 64.5833 4.16667
heft v/s peft : 18.75 79.1667 2.08333
lstd v/s ippts : 22.9167 77.0833 0
lstd v/s mpeft : 31.25 66.6667 2.08333
lstd v/s new : 29.1667 66.6667 4.16667
lstd v/s peft : 18.75 79.1667 2.08333
ippts v/s mpeft : 87.5 12.5 0
ippts v/s new : 85.4167 14.5833 0
ippts v/s peft : 66.6667 33.3333 0
mpeft v/s new : 27.0833 29.1667 43.75
mpeft v/s peft : 14.5833 60.4167 25
new v/s peft : 18.75 68.75 12.5
