cpop : 0.0833333
heft : 0.0833333
ippts : 0.0833333
lstd : 0.0833333
mpeft : 0.0833333
peft : 0.0833333
new : 0.0833333
