cpop : 0.00568182
heft : 0.00568182
ippts : 0.0094697
lstd : 0.00568182
mpeft : 0.00757576
peft : 0.00757576
new : 0.00757576
