cpop : 0
heft : 0
ippts : 0.00390625
lstd : 0
mpeft : 0.00195312
peft : 0.00195312
new : 0.00195312
