cpop : 0.0078125
heft : 0.0078125
ippts : 0.0078125
lstd : 0.0078125
mpeft : 0.0078125
peft : 0.0078125
new : 0.0078125
