cpop : 0.0151515
heft : 0.0227273
ippts : 0.0151515
lstd : 0.0227273
mpeft : 0.0227273
peft : 0.0227273
new : 0.0227273
