cpop : 0.00236742
heft : 0.00236742
ippts : 0.00331439
lstd : 0.00236742
mpeft : 0.00236742
peft : 0.00473485
new : 0.00284091
