cpop : 0.00378788
heft : 0.00378788
ippts : 0.00378788
lstd : 0.00378788
mpeft : 0.00378788
peft : 0.00378788
new : 0.00378788
