cpop : 0.03125
heft : 0.03125
ippts : 0.03125
lstd : 0.03125
mpeft : 0.03125
peft : 0.03125
new : 0.03125
